x_offset: -0.01103
y_offset: -0.00391
z_offset: -0.04144
